0
1
0
1
430
0.5
0
1
430.27
0.5
0
1
430.27
0.5
0
1
430.27
1.51
0
1
430.27
1.51
0
1
431.72
0.96
0
1
431.63
0.96
0
1
428.63
0.96
0
1
428.63
0.96
0
1
428.63
0.96
0
1
443.63
0.96
0
1
443.63
0.96
0
1
430
0.96
0
1
430
0.7
0
1
430
0.7
0
1
2
0.87
0
1
2
0.87
0
1
2
0.87
0
1
46
1
0
1
46.58
1
0
1
47.86
1
0
1
47.68
0.12
0
1
47.68
0.12
0
1
90
0.97
0
1
90
0.97
0
1
90
0.97
0
1
90
0.97
0
1
90
0.97
0
1
90
0.97
0
1
900001
0.97
0
1
80
0.2
0
1
900000
0.2
0
1
1800
0.2
0
1
1800
0.2
0
1
1800
0.2
0
1
1800
0.2
0
1
1800
0.2
0
1
18000
0.2
0
1
16000
0.2
0
1
120000
0.2
0
1
959595
0.2
0
1
12345
0.2
0
1
12347
0.2
0
1
23689
0.2
0
1
28359
0.2
0
1
2358
0.2
0
1
2358
0.2
0
1
5839
0.2
0
1
5839
0.5
0
1
80000
0.5
0
1
80000
1
0
1
80000
0.2
0
1
80000
0.2
0
1
80000
0.2
0
1
80000
0.1
0
1
80000
0.1
0
1
70000
0.1
0
1
70000
0.1
0
1
6000
0.1
0
1
6000
0.1
0
1
6000
0.1
0
1
6000
0.1
0
1
6000
0.05
0
1
6000
0.05
0
1
6000
0.05
0
1
6000
0.05
0
1
6000
0.05
0
1
20
0.5
0
1
20
0.5
0
1
90
0.5
0
1
90
0.5
0
1
90
0.5
0
1
90
0.5
0
1
90
0.5
0
1
90
0.5
0
1
90
0.5
0
1
360
0.5
0
1
360
0.5
0
1
718
0.5
0
1
718
0.4
0
1
800
0.4
0
1
803
0.4
0
1
803
0.4
0
1
803
0.4
0
1
803
0.4
0
1
0
1
0
1
80
0.4
0
1
80
1
0
1
80
0.2
0
1
20000
1
0
1
20000
1
0
1
20000
1
0
1
235
1
0
1
235
1
0
1
235
1
0
1
235
1
0
1
104
0.53
0
1
103.63
0.34
0
1
103.63
0.34
0
1
103.63
0.76
0
1
103.63
0.76
0
1
65.63
0.76
0
1
65.63
0.76
0
1
386.63
0.38
0
1
386.63
0.38
0
1
0
1
0
1
0
1
0
1
0
1
0
1
0
1
0
1
0
1
0
1
0
1
0
1
0
1
0
1
0
1
0
1
0
1
0
1
0
1
0
1
0
1
0
1
0
1
0
1
0
1
0
1
0
1
0
1
0
1
0
1
0
1
0
1
0
1
0
1
0
0
0
0
0
0
0
0
0
0
0
0
0
0
0
0
0
1
0
1
0
0
0
0
0
0
0
0
0
0
0
0
0
0
0
0
0
0
0
0
0
0
0
0
0
0
0
0
0
0
0
0
0
0
0
0
0
0
0
0
0
0
0
0
0
0
0
0
0
0
0
0
0
0
0
0
0
0
0
0
0
0
0
0
0
0
0
0
0
0
0
0
0
0
0
0
0
0
0
0
0
0
0
0
0
0
0
0
0
0
0
0
0
0
0
0
0
0
0
0
0
0
0
0
0
0
0
0
0
0
0
0
0
0
0
0
0
0
0
0
0
0
0
0
0
0
0
0
0
0
0
0
0
0
0
0
0
0
0
0
0
0
0
0
0
0
0
0
0
0
0
0
0
0
0
0
0
0
0
0
0
0
0
0
0
0
0
0
0
0
0
0
0
0
0
0
0
0
0
0
0
0
0
0
0
0
0
0
0
0
0
0
0
0
0
0
0
0
0
0
0
0
0
0
0
0
0
0
0
0
0
0
0
0
0
0
0
0
0
0
0
0
0
0
0
0
0
0
0
0
0
0
0
0
0
0
0
0
0
0
0
0
0
0
0
0
0
0
0
0
0
0
0
0
0
0
0
0
0
0
0
0
0
0
0
0
0
0
0
0
0
0
0
0
0
0
0
0
0
0
0
0
0
0
0
0
0
0
0
0
0
0
0
0
0
0
0
0
0
0
0
0
0
0
0
0
0
0
0
0
0
0
0
0
0
0
0
0
0
0
0
0
0
0
0
0
0
0
0
0
0
0
0
0
0
0
0
0
0
0
0
0
0
0
0
0
0
0
0
0
0
0
0
0
0
0
0
0
0
0
0
0
0
0
0
0
0
0
0
0
0
0
0
0
0
0
0
0
0
0
0
0
0
0
0
0
0
0
0
0
0
0
0
0
0
0
0
0
0
0
0
0
0
0
0
0
0
0
0
0
0
0
0
0
0
0
0
0
0
0
0
0
0
0
0
0
0
0
0
0
0
0
0
0
0
0
0
0
0
0
0
0
0
0
0
0
0
0
0
0
0
0
0
0
0
0
0
0
0
0
0
0
0
0
0
0
0
0
0
0
0
0
0
0
0
0
0
0
0
0
0
0
0
0
0
0
0
0
0
0
0
0
0
0
0
0
0
0
0
0
0
0
0
0
0
0
0
0
0
0
0
0
